8.827369384765620232e+08 2.987511642494342784e-02 5.361184594237014805e-04 -1.000453950840166041e-03 2.310582845268963970e-04 1.672351603869559752e-04 1.771406601487177015e-04
9.362369384765620232e+08 2.959665097631125619e-02 6.855315878315550995e-04 -1.012391992882973176e-03 1.130329391418054719e-04 7.878835499350261655e-05 9.574705141373350342e-05
9.897369384765620232e+08 2.867095732244384979e-02 7.486460963237240090e-04 -7.868296815985513200e-04 9.819220050133299561e-05 6.702106206081602079e-05 6.164465566525115876e-05
1.043236938476559997e+09 2.781808377546201791e-02 8.507377351698869458e-04 -5.415605264757015341e-04 8.301945327458172693e-05 5.702359838346408215e-05 6.714092905653603282e-05
1.096736938476560116e+09 2.718790994365622229e-02 9.286058484670473706e-04 -4.522637464151782038e-04 8.216296693535325517e-05 6.215291097902338755e-05 7.078361498576892365e-05
1.150236938476560116e+09 2.640464903224401180e-02 1.113682868898517760e-03 -3.027287893950479105e-04 7.792201514276730640e-05 6.359475055261205997e-05 6.803656702625598322e-05
1.203736938476560116e+09 2.582084574344544609e-02 1.089876517696992736e-03 -6.070548552330884418e-04 9.944771233169341239e-05 8.476110243716623621e-05 9.414400221787167747e-05
1.257236938476560116e+09 2.532863245708929373e-02 1.103703049050726737e-03 -3.495954733931753164e-04 8.401887022306721168e-05 7.546758007843237868e-05 8.373730767553476363e-05
1.310736938476560116e+09 2.461962773764682713e-02 1.104673021495983622e-03 -3.763028362378571887e-04 7.175588005490977190e-05 4.946916150812766938e-05 5.803183520264001998e-05
1.364236938476560116e+09 2.397525868770317148e-02 1.063460833416515284e-03 -3.263630205837417210e-04 6.918207077004866461e-05 4.054218611726766739e-05 4.797769165498177405e-05
1.417736938476560116e+09 2.385393529637577087e-02 1.037455979190805323e-03 -2.638880688285684330e-04 7.167985533480362461e-05 4.609923017960321554e-05 5.464729473852472462e-05
1.471236938476560116e+09 2.342962473047763977e-02 1.085239230102533160e-03 -3.394023807506797784e-04 6.768239117713818732e-05 4.698315926162837449e-05 5.016476943734444886e-05
1.524736938476560116e+09 2.309631369571472914e-02 1.061688410614937536e-03 -2.398291691164292994e-04 8.547197120937378306e-05 6.855897863263684506e-05 7.558352972205563294e-05
1.578236938476560116e+09 2.265328913436821801e-02 1.044990960503786731e-03 -2.403786929778893675e-04 1.055656212252821904e-04 6.596821449939977149e-05 7.626716584623470150e-05
1.631736938476560116e+09 2.089645713245525879e-02 1.063700183318031650e-03 -2.681279438606568445e-04 9.763396192418957210e-05 5.129102024548089060e-05 6.350974052802834757e-05
